15456517690804532629
14926713285558341125
2706388664307008263
16708167424097528921
5239277077075647731
7195333717887843866
16737706930498432183
1706049255689905949
2188828898008636748
6793246082162908495
10419255277212851340
9253353325833624866
14648469654223299925
11805100952405550529
11426910181643888352
14347025411216634719
8884755625931180487
1552126898930747894
15830956180897450493
8145687066013373610
598690573791314192
13418304275504333094
7432529433571616527
10932293969958391458
4605030364817209702
9707642958935450359
698195973275621848
7090399903599864044
3817296361757639764
4029923388918502273
8519432810650503427
12220728622304793048
15174209153633868968
16985094556899986469
6449918916213910021
10921393270834977458
18434595741201277181
9521460277856374384
16498654686824084372
1821602557631575088
11713211943403047489
11314768926679486937
17095741935733006737
1773683830945537900
13623484378687440785
11675473724951935765
10547029679103667843
16820913544637959409
669604288561670123
5986586423315213903
16420802632440711583
10062152369758288777
6332300025058931842
7842679649505216433
2337415549600728256
10243235710406983003
16286348228132418013
17388704399417499714
15248365192580283123
10150939015429667376
1913829840926634016
11218104259656027969
11421927017512772549
1652471692759989947
1812170480097561074
10600327228032168606
16803557552987155860
16168659909647480923
722856058757624381
10051735479475576697
7376765715161223080
8391597404930604834
14904007717715129389
4190599634429796072
2351546911419629882
17608618595404583014
9417048544126097117
6951531571254914655
9294701477631738395
2788355249890762661
15551568329400983305
7126932779397103971
16814591936165459621
4083335497286067844
1177522887087251405
4039643102883758766
13774988867772510821
11488293630122788077
5665190910720123154
15136714663742646435
12692498980062278353
1161692445004383367
13445024428585941650
7205758788069481708
15067285261996562498
12549591014473393419
575317887150116310
12130446415284999246
5249961410275952439
12114880522519653588
7112134058234533424
8284155779796953174
10543240528245678122
9395384095213852137
12109851596822831456
12756372028401126532
13413785244367890375
13519176508725244590
9963160456469842560
2473650791783596419
4525101856388474765
12742752236905019618
8001015788672357765
4846884034531574574
628684190941904769
6117715874704962007
7371117628920686000
11143339260486877274
4643508430842478860
16358945497854580140
8790928297426913866
7963570681936583829
17880021079949735548
5930597173652821156
17425827696135670664
13361094080381197781
4354008571677484106
7711813439098249441
11638254139977301277
15609120550895127833
631684068804334815
171648174483937564
12533823678264944314
15125064267764733372
2816107944568826659
2683035115256427916
1650776209125973843
12605456044496922637
2568908449060946088
7207358933158839543
16387912004616296757
2146355518993747431
17159266984053839284
13565784662752379300
17865959751206669425
864088616895679339
3323711413129796907
146547329722856711
13692077201182698045
7704577197684467358
16878441345227336020
4777235852909833215
2267039995389785229
10171206839818878670
16039782524003265448
3405052925898914200
6145989680672828121
3354363937346658815
16888109234568100049
7242284409873423796
13277245258923381518
9271010950841400539
14982239030482391619
5895221703393863635
9502174232579438735
6359073402569067852
10663501332701322340
15903942566716406677
4234451553341073680
5310971706084909380
3303671082866489482
10658506063970283073
13660487944577872144
11562533714850064830
14854997437077518914
4139408104085262192
7396297355548296395
17258954838688295624
13025042698009452807
3638541091259136498
16614914576941101454
14266094347945824090
8636154606001054736
11380153124961691242
8158035667296175742
3768521817717563651
4129289745312706407
5339194700980326636
13767016577996415091
11281997232429642583
1986455048472781833
17560483944481764290
11977870590938580915
5152003190647918636
14232616118723759101
12765909756707629334
17817961046898761880
1724008180249693615
11230567106520242742
14888344757637177655
11114067713511639098
16732499102933185219
3646664569104000916
3469973989733750605
4679577939725984376
3616332232149697691
8931460553214221784
15648008858063994335
4134550728683022045
17779315639185381342
5852477918847445526
8455676052031111307
5319213920754039272
17987932784074826248
17385159126541844854
6188535944602392572
14877202956193753284
4732068972914108807
12249844898768494200
7585931596715721921
14652353373125212635
3953153012732888761
5930295876273235941
12983070876282990158
4850088197130727815
169729089057340210
8761736860687794210
15703530737166245050
2204178501034571554
16044059100729856072
2100348948277413111
5263251659427031553
14746601955456329914
17434946739224622902
1988490843775283212
3216679569443423849
17665995141513137368
12098715235664694374
657969362369506297
14504137249437280687
10252442256974391259
8266298440500604575
12811502179044255931
11965390149737840188
3150486258234224540
10619338753163536721
1472145280199952168
15379716294620244787
9541398270280841871
7909186583378967777
4046143576274908988
11433434874938478641
17718542416843595597
18406193248445117023
17290153756959625677
4413633075968098384
8293286090128706788
12004284910279263555
8169767543050948227
11661378657381453237
9440574108147166925
9080083220334748366
6957650591423137959
11268474651027629680
568240634558439645
14140951743409934190
8105206920063516470
18350430334848333531
4448094743616816296
15370502302135724995
3471071343971477179
15616389028746734003
251469858757707096
8188247541398665914
17428591124712922703
15200077702633498851
15289488657625785101
4004720661259016203
8368618056471482533
16774631962088462949
2725549425429537891
7740624457294068469
678942425420226310
16910410420093305536
7236353843425654213
2946135990828686729
17124136415891246392
8756088574408327507
2251874809766962893
331921753150297619
5152745930354914052
4238419646191178653
10417705857800928628
16335321009406113573
1821851112534602349
14754828533308704860
15063638493238968389
10851933519341094340
14570899130927004646
11074729571315742543
9428997786440879166
5598701897604615570
11378363416773252506
10049933241568384616
5442102298339875960
17416716955174418442
17345618013310355014
6030585073608245738
11270092837474111684
15024209308935445685
17283457133915377666
14674849091315849778
13068758283231447424
2365935621449329066
10969313911846471118
15959287099354518946
11331662481674152544
10066856629570829573
18315205442691503562
278241309111428107
7225199669858592350
8905032434720515222
16990914983041898553
6919250311530187785
10047608164642334499
15757527829359138926
914763202409730489
270788007515429230
12855311632486462144
14944204215948320260
2967356254550516044
14769087022710605823
517170311035685385
18354116639436125076
9257846026884378659
9852554558642673945
13945728467126293876
12055319288287816312
2347905971647434581
6781983668406064734
7478340497589860687
9733223620169252108
17706991475549952320
9704914195432980194
18126487201439739494
12717728838572744285
15719239166238615616
17161628508069364446
5191847981738928733
2400591263161528907
5218069209774272323
15749960298128313696
14097262795523661668
16315138598431969207
6620299452230178625
C5
14971927739174222031
3445360589540126785
13013393311861375908
6565650854109467487
4042137063460724628
8843178084604645044
241047557653923773
11295695663984384355
5214198198936194306
13236538308789071123
14201078425679456852
6963131799067016477
867833661396220547
7810229323486731273
2211374327676001373
4019242968136936226
3004770828025804075
14002434074284588880
18193111939631274139
7374758656673944893
3282456596784640037
4312308972698532955
7944199656494349319
15516528587084371583
18246799124601784606
1919040280350017573
10555665591058973337
3904812366015177141
15024297229691257853
4942660711538921863
7702427777232013410
6470735750626126298
8927237816949853680
8539026771668031690
12163929690210138450
17974542038222678496
17502388186608911561
11604934420604878
6575856584019819851
5644064067117301076
4108042597348125504
8843229142628420502
8576611021998900140
5782980747655624526
13135639842898453505
4798327819679256122
10560947136690542351
15052670930720770406
9283207231921924557
8030348803954722006
10382368824605416335
17701212733834011714
2928891857306777672
18130825354334170672
17702366538826498481
533897221531059747
11765758091202633963
2062985489980878603
13526768048184002267
6525394962620583304
3153677889660745261
10185626947686648661
7172298903076019941
14640984363550471561
9321461923178844561
18054012887257626242
10723392428283414876
736070756446885348
7258683099232911084
2005608104010420990
14388429775399755232
2018258325645799388
4899201928314817098
3684588104970982269
9447091090478342941
2040909094152525447
390687335166955496
6649593229877897977
5702481172833051748
17162694106554084997
13944151609229345253
6824064908472722523
11847133882506577102
6282819089023118780
9839624779883713527
1852225610602757611
7937926279342957396
15601823535012202255
10177482960575324263
14367175252706617522
3352392433973891407
5726075334521123407
14746426251457822818
14470784029877735471
13839170438708889121
247738123081858237
16447556182400696530
7809422333443181190
4723443575977127458
8759024656027687405
9972993788829762590
14829710683738778053
1896912534497842535
10964058920282906639
16286786839857237412
9558147896528844357
15792019196950300423
17295353876652864613
2263195476204730804
7492918850292698216
15515561531293019019
23061272103916096
15886024724884792274
2255872384460229347
8863380420549093584
4190378722194535202
7599201367257773899
16985021071506139279
4670432982588164265
12944163484080884952
17377893213277267455
16251521810369979228
1488463117817241165
3215649536639647714
6798028904028300387
17302411876173991482
796911270588323214
6847878065940743406
8248010750156364508
7305034744352346354
8967264803543880988
15358930566549387480
12546965047991734923
7272572177170151271
5274411422991869176
9410159092777902065
5291355601038525378
14453716971168214931
5104804156612489034
6294370346224391491
18297419763002630855
1324843043717634771
11816824764257392123
16847453282345040630
2860935548658693372
6785299029889474667
13833370747674571514
9120183267455827122
14384849030461993063
1940612342866793572
12607067937334917233
2043354445148939041
16058644289341186261
5480546396899628279
17757851911901484486
13275093550797243180
3808630418809341763
6069540298831223060
7012297264450632967
4872956691922278352
12295877813692652252
18172610403398108270
4749231916351432758
7290824510519385323
8183605388119353932
3977292184689125239
5157920274723561247
17197189914005786115
13297160964239118506
11119951150449800847
8650834695016683499
14922612276333372734
10714521577944260254
4331576970163823786
1707397792989696870
4959094142682814841
15174535079877241065
9771701922811112008
8695123303140075409
5916016866312813013
5719275477864732857
7360131706436047266
3340093918144945545
13031049803091642499
8890208707843803120
12189241624001824482
13243443565885120757
15472191556857822174
1804844077424683422
5451412185360993833
16361820103975055031
15698213508999525927
7462007225000123565
6378916101860483314
18197597597025519287
17216492544350239432
5008471166680813949
6705881899928968681
6503993746602874479
8531985300386887020
17555070540797410189
15153386047033610210
3742935304225930318
1198603531339152632
13413098740718387321
6562361150607270072
13769044654181219733
18174451434669767798
4973201628118906758
6953650454328840365
16965551848601770128
12135933742904243641
10093318235535814977
1105859597738800088
10898211341562464602
15028080119688716771
7210504413595508539
3062591942553772481
13144817468082743571
5560455089798714500
17192690124856355704
1121179814415852278
3275279660493820256
1809228183841966098
2898708781750697587
3444238026017440726
7119786066424728675
2026649153885119308
2699722342577207170
7788073724127025810
5472335225726622442
1142081651933540293
15766005692493317188
6010480082585663636
15409936587865848741
14939535042189154839
6742955618432031089
363850893162606762
701432577100699966
16380392200236313552
16526132130500828441
4132521170460626725
14174175283273848558
158385419869725783
17915146550008555844
13427325243440101180
14889559629000933622
10096620441188102967
425629841118866094
9414503810739140933
6567308612282939242
9743971355541129430
9387730405282801523
3158100645109225803
2534615679902893431
9348261595306516239
7826554900278345315
16707736447207661140
6380184790219642157
3380391148006955001
3889943070315315186
10672713786505548736
6632511349042615094
8213500723191234338
17728961047105340762
12486224828713723413
14754085297533075782
532402787975984893
2751305679229927909
16222405687376681806
5409754006900689015
15715424625635572832
12918501737341647753
10401788136944203488
18291495930095549863
1310696371206910527
12371705106217180100
2044789657410943886
6657567983520703977
10127323244199930481
16303213205445883888
18381932765117909978
17755961419529025380
6789073379900315688
355721765716648476
4064499075617311100
11346049163734691451
13559624579564107243
7192641904215133877
3118090976840038414
17556427275556117490
9782184437468362885
4843130960699748176
13765271433224963878
9965591273959105244
2723636233138540010
17978471260476486129
17570673424295643517
16715016172736147694
729958134374279952
5436929417828470640
4432500460636390069
13944580581729616750
7625382389005288007
7830013395633362164
8758735432777322216
11919858698820082448
2192568607856189370
13392160866296470040
5656368792670022564
12632689511979117570
16522597712549694708
6590505560949067828
6636869518843641192
15270482069197136172
11885897934572161878
11432827026664441603
13995777328452914526
13571699681093632240
8805741711414579397
765802171230406144
5523357134432347634
11513607706991390327
3220187289867685534
5068442887104532676
14635191871057435538
11217754377107773039
7728155002840005903
7470477685862052528
2893306506758619880
15661252903672335251
16902075290011620493
17386926465106374096
9161015644534743062
12780751954063500306
16961262837891411154
13310639743907587856
7572327623895188702
3811204423366705768
11208061718090901138
167325074366220300
18040343797120793357
14610263661839124702
16958577029556880688
4648345519295155944
18093666478630430929
16829777686199308892
10953116222793482417
7876939965295389563
14733198391746806001
7704285239301995567
12642933141431621563
11834835478006137837
6094066088221495297
3238728996310238038
5795468651427286639
17932097719095318284
9753851309818450963
6322581613844360498
5961748968887680339
11825508025328296080
8436832720210797374
14432846993300333836
2014537574595071955
8328910989981654368
11506409857861771669
9826305708331009651
10064304889392981200
12518956627890994141
15632827688692909428
14001123579836896952
11605734116375718456
5959622143730404468
10367714928653519283
7544285783764556190
11214096757956225384
15817327293330268323
10667888186067946723
9103806254601722240
6331646286267352789
13532295950301972798
8398513489786513165
13966425132291082903
17628428764478517134
14523108612662453764
6668415422012611137
10430595896818479102
7917510845445431717
18167861292281709369
2452334115362416280
3444775756535266833
17677199564633427332
15688390389865494534
11273382849091060111
12846753083451194875
8305192003043728657
7095625550385493656
6481520798184401120
17538525133011541979
7915387664637312510
1438876439737948945
16183538160241052000
8724944688357945921
9261969885316507933
10822650410655564189
5722636171233011286
3592696220476293788
9390030774558121143
6526066828874917285
11764847220673530894
16310443882536008690
12988140812105462631
4208516281903026052
6127592815747015551
13651394190514248177
2722290049546156458
9691837326751159272
15029616372010678780
4466786822415825531
5872399910367799459
1043331027683814437
18401921463910618675
2456204494136807675
14198547887518979481
6907626608136680192
11799487190090806917
9509937331669477605
8781004174003237421
15229121020889295086
5463677607051598112
11573958756165535219
5829724752767216967
12395068141865934004
17563160777171902793
2998552306112211958
539301254524743530
18353663376573606101
15862246388496969906
15431039157315885206
15957612731947605698
15920141749786762652
8262206746612094016
252110136684229601
16449660210977902359
14637024648534360656
5311556952522724631
7864064874319780874
6371036458621622434
1157231402853950860
11873708282950348274
11144644697740404780
8613690927552520571
8329987437661251798
1479631277650129481
2197328499115711218
8920237101624265414
8808862131164253459
12090879872468746965
10052176555925835572
14105953316316298755
7122851344395158950
10733604858981630540
1815691840972406195
5974537420805534669
206728227215747411
11213919957245507177
2143327958384541892
15189244791677564387
379697429347893717
11846356495506569896
10873038824398167414
10320989237013039942
15113273819302247341
2574433465773289248
15177979322753716487
10363984186341175829
9742005397048009186
10137924917732394337
3892872596937877906
1469303115647456102
6809971421089410995
7267506715932849528
11158005646043098301
10112218422051091041
16579871235241029142
16409380315977466975
8115356576488093411
1430157085666015324
7745658486429570987
14211717950480658665
14357452376813327146
14430524322082439630
9002014006715858530
1293923492942265063
15435675177465968560
11671788054091841226
6248146396164953336
6121779015258450374
17556656505054812817
17486232034459831049
6880184506830104825
15537484536873157550
12228335800546791361
12398907716064883350
15051484967430198693
3394424764708913161
4407272637535594306
3186042919923500767
4372585459165573170
5857722416685621217
697238547290750241
4111338320222276708
9909477984557648542
15345088598042213950
7521323308931278659
12872806295192424211
15216157011316270877
14264573359132174992
17167621674290042365
695781777334392520
15551931153747031826
6925935942384216530
13703111488787772320
15772338100559633854
1772939289957127025
8493022608605241621
17405750323595194927
8793392224781388385
17819338813072786094
17565789631642407014
1516417236214991097
14320642470196840243
6602212623738388879
15912538555315118037
7144701341700083493
11571438435784924824
9245286629002283534
7270903484662198631
6500122706621135303
7396040808796191313
714380076523590300
11831365654391020946
6137370615744861073
17247433480051652856
17373242227417204321
13129355375417687570
12419248119990239425
53814406565974492
6245823184646872168
6310272221504716348
5687118524836165090
13704102535515749009
9717144569509561650
6190017421030683330
17177037428411513947
7131596464793864201
15314907573269241276
12436551273905962250
18182532280111079263
6204842884671102494
4566328597456161270
6453921619073885244
7765848943123791022
16260052711054797738
3587484591707331977
5056138936400331485
18255676651166292220
17268837380688446156
15781473299794417541
12729345594963797060
53422138121084770
18287872259790188594
8534277563726514325
3938840207244127404
2366021895947649336
17576436137339213504
15344424853659407385
15689547289559321611
436131414730511166
2146512503970274753
6997348074857469365
5120597203854400169
814513701165026048
11852755644223099942
11921803182161349598
6661155224428230201
4604713944387028478
9086948073493121003
2432361900885209562
3999129088435109373
16915512916594411526
14314672981471153511
12577979479946154757
15955854804979529775
6721723931172117894
13378835310322691532
16706359400342275884
4474801526921811423
15025801280639732648
18411943752482365417
9669595698560493344
17815573612049307064
1118728472878307911
5747104301509611126
12013374574659579516
1506924335388782116
17131765981358241507
3866181882466298762
17476496949604693070
11092259759535868688
14861438070320061220
6862071105737718226
15235092494465839195
4251227506632418897
10422383577842806445
12371445783928527903
4738494154448458494
553283797525787889
5501516116955283262
15940429991975538753
17111332918597794462
14060362886945994614
12364579769482124355
14896334957318150021
5789355507191410905
16058934489815183426
4755490956040304077
10108717215086627172
9931761817905514062
14720936087702730988
15228734901495191027
14918635201368860459
14505846027505047240
13606905612276803546
11322101032186085591
15517446066651042402
16935631536823734826
8219812904315524249
18394059167235597280
13797013047187088716
7414890021564977230
10402935810899233359
13172452297361160011
7446561750646974681
29801203234453858
797249125188218498
14194315123598899231
8092873964049915766
8032578525043139465
12524251007461465737
3020293672376348859
4866810525607469872
373902486552493281
12351314829594855448
14429326102322315755
380744123494900257
4238695243367183965
11450472427547166957
15203236863854664725
17993970812430921972
18350027239324768993
15521899116419035964
7070061377516469004
4031766224944564430
7115032406478891715
1820769684649965242
16308012783638289098
1010636916697113550
7515077271842201592
9277577880952837061
1117660250561099469
13826413719137883429
12128153297530379210
8784702594458627418
13809403908497793565
4652421120968564828
7944305963737622216
1857653080830704896
2078542016880841835
14693308318372083341
13979779817478455312
15459742847175408258
11389171222211864628
2278659849514434100
12682511681014226886
6584765340043349333
13842255158422926892
18357834371804691497
14768126520711145111
6980583257316167205
16516982928968476438
2713278932940868514
15216378531530782811
15999764880587112189
5542339656001109084
17281827451454621040
63398445567092673
18326943667951408062
12460478912204714081
14656020785736945868
6481057419807524009
11582888839340480727
11143463832328129254
2574166593483673791
13734217626065639057
15044264466291211847
14372143399798703835
6804566136077248164
12580942694498330185
8031157978226920294
11886613775732012943
9371213175176559759
9848892192930218045
5207513916499693561
6640789436725921881
12602933361070641595
18275205043613779366
12225786205680392288
8614010749003661849
2057549373548948974
3535206356269064306
18315118700934917664
16638227401686796370
14437588709198406901
2469983175112899699
5982069139386579948
630494933041727408
17840167297050467842
13070057532631672615
12626518433592776885
8354776852706492107
1392664958446509095
4925345439787936261
12290088103155784340
14988539504846871658
11539910056486923276
17359139821895467450
1964217067145859959
5141202480841950687
17226809034143888203
15297641822226561530
12496338112482016113
249629522908149056
12049725180148860778
17546646107634782451
3182376383797588921
12059782514881186260
8092089886360452375
12079376290345803765
7369394643825057300
12533413140458481686
5710624232129903184
1138165354209891544
17741031510520532349
370326782929652421
15396549820268965699
400533006847930166
15750237578359578719
8528713098884960810
14085728489735321876
9039485646679274746
14669400222413877413
10142152670288315794
15519750016340952559
7582152296258509263
10337493329846708534
3492289234099185638
92618211030879253
11574132519636165601
2720532843856253951
18194670556841476012
10259869015146871990
4268990297227417084
13943801629679539588
528990798936418670
14567026102484038686
16047553744242711448
5511401699277197579
11958051111952922292
16400273786351466378
2527955553654765109
9878905897529207340
9604737571268610636
720528947315457216
4859313508694319053
13803484168812207129
9079296121898216837
10679939528480382611
14630378613267646220
8870233998408753361
12290563876379490025
976524080057531489
553141134781570153
17007543987933650134
2505216120292887282
4426228459501276219
18428370852502292785
8099060526942233550
9161874376054036914
17930395436090064047
947145959820583304
10137644183470690542
10918244459166909190
9979030801629198721
1500987717486998344
17511135076179538298
1362962074158592033
17047095303977808352
2793372583600608978
16164158296187481055
18319503106468538515
13379660361901737496
3084718553598595511
2189501267030326459
5722762331698299628
2857225467596175902
7634861279198478495
12024027389170693054
11704434268895029736
15366610670007716894
17942079351358118366
9745591660616258099
8471185480715047081
15792032300737767573
17692570495021447552
4051328208064695279
2583554057174113624
16691426170888874259
6597297834888482078
13905214957832815427
7793267402500329613
12920771894294527337
17356507485001680834
1010716314919583820
15901877622746748898
374759426753043588
524302793934244306
2878910500688771223
12794582694819079715
644610221755890832
16842046564530987505
10161929754820139719
7599070685443558449
4212941459366626519
12974285970199441577
13993584034195728379
13352765564443794311
11772526292966016343
15409900786167614523
8861511867379598312
12124360329813613804
15493842134198359183
4266317485365194501
13674096294586524178
7030667846090579670
7121271443003389238
14792223884155143302
12129003539060521739
2779125601016077816
12075120025190877407
10441639491379725748
3028525977566515503
16854221547958167216
17568038014373822338
1916835475763821358
8756700217644900782
11837301584573648270
5241786801200643880
4137453303326502565
12648642450240685663
3666603797398166485
8279763794853221906
13906476496455453382
15127924611114829773
11734256766644307361
4178306798574252360
2989890727667906905
8085954547017958011
10748961905464147292
7640542674714679186
6417426237049577415
9134305085468209019
3679677202101027291
3758997621926522563
2915505131397447252
16821236478393052676
14364710597882138507
1493800391269950631
13596134680155653538
17871969252921887896
204579490698619661
5378233168079767299
1944732687913011734
4734657330089070665
2164739623583061432
14373051822192008050
16214582645320913408
15414422535555748723
15244493678719842736
7972796622265056562
13990891783776270277
7138169066116948073
1483186878072853967
15881020820810352379
11679323705645713033
13262519400328090471
12250692595713228335
13551546863639583580
8936620427987828290
16418538836699435101
16111777326033040983
13589805350998634961
14405171189894668407
17406945033842027163
12787761994158990479
18372188847472231737
13907927175473003767
11645954480461162890
4705888335025280355
12499575631597556604
492436797128594081
11343716259462565840
1225630879032044659
4879122484459729859
9939229740964934057
10598223976064684808
16195584916621065996
1193362365361565935
9182865202333392439
14415493606974650394
14818163106541279657
13149703722258602221
14885727658952931631
17146319302992664762
16554264623087833654
6087710875937040822
1347054608837337173
9836128693761390986
5346679361012973112
644572237353308069
14858762538127685701
14816823773109673782
15349669704866936046
2032721726419940517
5638475762970404054
16707762722043656029
7724306013647125499
15539798394642897244
5252401808374526370
7538575554018189324
503580112953271149
4876056593864224445
8526777402357757466
8738763253735760598
17452912252037468055
11305437568240095439
13254402218923655650
3881113733470247697
18299238138893624734
9892194144008622446
9904570973257393141
18008513767672189393
17171766379719710275
5671277726600186556
2756452130045368025
2838503681588271591
932015399199101333
11744603673518362493
15588418341806467289
9243284100706642057
12438774509037416893
8516689247291245449
9864255108926115200
8055350373161221386
6891673541572117099
6236120449623086284
14534576533686571115
3546384041763680874
4744654809566077171
6698325482619278308
6474676782766701013
17239295607962949373
13919179409204808720
18115955395399328647
5524757220434715940
5185869152857775052
11019882063041593562
16275638987473003519
15081315651597350838
17759789642460907291
15630414339078389625
1486157195598631086
10109585796198954196
11019836513482082626
16574536391970945299
17689697423931628168
10913822152409014959
806827014623234483
8211083296132452024
15893633196989748723
5974981426359793339
10736096590263478198
2152269065244536329
12409545149030336060
122385224891248773
16731317994761109734
17315205240031114781
4636059045505901837
16842380419602287971
5137794431055973096
15819273717837121342
16678457833429058829
11376274226187740549
8202746135384882534
17687350533417859179
8235962873790594963
17744550821368784616
16005327682861777049
7806425643907911735
16319890394978243309
3414719769160958329
11826311136951675073
6233347905341746448
10624328387233286776
3213123250057755242
18349863381550050103
12526512368779256083
4138035390541233777
1167877967102287770
14114785728642954980
16506473446729533600
15753854421491922926
11389736069375873006
10650562707252181100
3426305623225867548
14962067007475017770
8269039285632568271
13922628300805610608
4332665849526946220
587330461922784835
410632766909314847
7682503978778057102
2004926151598154125
15210231291506392869
17782200958447412426
16937037251103094622
10838295914843840813
9877138008129702942
552917615731712728
8112677192926439149
4159759965492965037
13348920097192864002
5841387350125302412
13731412014878089830
6949794902642895157
14761211058585814267
10310944130307234584
6713344094914651599
6279976065265127398
15437967690048221832
7153064235319995264
11867315742913068132
11349084746404310695
11584092988164030494
4672639361161123374
5532200084589166111
14689240558507040186
13465443746912742225
6607548846268001173
9233276345670653015
6135031355286117881
12286411694745563652
3544654253840273493
9061367306568491534
5068786168471714034
1589813057948261371
6628298032238221188
13683033389567173563
6526551509810619407
1845053614902879137
14124811419682392628
10210712095297547342
9379535298088900267
219905064640475654
5804818822071827591
8036908575500395485
7169986781803274409
6941416933486384435
17628003131659422586
8372775956952166058
4771777520109514947
12609009448102250378
2945642161148698311
10508017733459189069
4234554492441183836
15153123245048844540
2978202745590149159
17197336158600473734
3012386418035436591
10970760484453442786
15527548337587255008
10516564865911712196
5058725009021777335
16530166536055360285
6657958841451154283
14244177124263113928
5698587021933980117
12821260995350023576
16163918082841273614
12667322818650454214
5739428820708337583
4755724237720673023
2372409262386319155
12984437482988362544
6332472793620002738
16991109558201505809
14248442211720677388
2466582575551610142
11204224483926730288
16613347975654070083
6896710338880730321
8983172792007670810
14923217820190989506
11949444199433973995
2684145707333774599
11356810217321068803
14853573132076220818
10263120438044110269
15989361093048238532
12485537474242747053
12224657951469731015
11985260248210178428
11986614570308915567
15928635432282880036
8298890737227814662
6795654099267847801
6605350358727930437
12771047866772916585
12572291469968766002
8592939160722742215
14240231358287720263
6283245960143044401
16446871676128412648
4071987987608563504
5226529660450592615
8698960818997096849
17315842106490544173
1025425035314494183
13958542294165829018
9067307864078340649
5015542571017955861
10383639508243994812
16616233614745388964
16529449464001533535
12793420757187891576
12287500812791197588
13428272462100862037
16252921167704724772
18403455347690690426
183946202470291536
17078629375160595787
11064701317139834151
16566769265191560978
15958649033504316399
7207112654849173139
367354090949029095
7375797934279495961
2885724468092405728
74335350327925273
9440359391930684866
4554448000410762168
3472608459466728724
18191819835196961664
11798875971051222217
12901953235209709408
11403679047582590829
16991207868413147785
3258251556564590201
10001070392707112139
3260020707675704562
17069929911083810312
698810411247541243
11969081875131904650
4304091605760281384
1530922804044423008
5505201043401171487
10694573263209096475
2262380747359475921
12104092605653832277
6427889607139472084
2060204474648254412
14378396633463378540
4382635199657608924
3583839849631305320
18187038744616990197
18134300866753571671
4200303657503869345
5615054899363319188
12377282831241365521
8356706505753920439
8872839873589991971
6151736283607305989
2152885501382701611
6998165141709432974
11418129064269079787
4186997558033215163
1802969271582955542
4940438164054044528
7228193764887117610
5210664646143288714
7080689938675458986
2586589394300154164
1334731496793215721
2734281573602793773
1955438812590053014
10569054012538879577
6781931261989159381
14478385575096708490
3308562414583706416
12907747896934828716
18044529995431943013
3395737009865523042
950815768332615516
420848718020774605
2924538317559811871
16888778895566876573
13396799486139108061
1185601414458507268
3296330503054633225
17509071871930293533
7586092185968177553
6518023014524397783
9578294923145028410
7868617161015187624
2520365233169723133
13589117389619381302
16123670416770989735
16537247619340966901
18210578325205192921
7621540637452497113
6662997389493813221
10994032891228049326
16893771882517579672
284088676546307807
15872598908400421511
8175585102789667273
16889348727478675366
16769042678571990867
10649295497977376344
13254310964152424475
3609839074114272369
13947044891456312973
3685514034762603757
3143635179807765069
7313053342588014201
17128900693339235226
7190977293336405440
721886861223376284
8243062155691353708
2701356833968269005
9273143767770394620
428476209653476225
11225763826145269062
15491945202836475147
17716127557764548925
1158254824582116660
12094403193323568520
495038427769311646
250228604966368631
2423673517641477209
14075142596592570589
4322388496562709543
7046763725483948072
16299565760118248333
8441315645684195381
14281334309053959078
3768812925671759385
15823540013381534833
5952676731930430404
7336984015410976228
8730735886702027620
7358447879474926629
5853026408750323499
13818129836945472938
2842630760178202434
13451565548552302531
5065348841980745430
6910657094541687179
10676178877212968572
15849931233867396689
4178833240958327875
13039941961611373850
1633359005372347915
16134598387228931769
10681922522431532359
2679404034517510759
7413639382494051478
637495677405882418
3496551465283764499
8746497796435734963
11554368311436420235
8285230233730705579
8846500157992002757
9706616085179537943
6540022406288221485
8303022095283364221
1812308765293184040
14596615203391955095
2819091800418093713
223637092239069439
3765629062693072169
2792493942411395261
2393195623159826218
10069104438668499528
8550430797589012315
10227058765153641156
4206349854977987649
8536163466624810955
9632029066496265990
5672602420709592587
10197028908864966391
4346017467692618749
3078137089639306931
2000791078011626554
11302384932037186285
8501560315855718412
3971699194871068252
11901000776855505877
15059341505560809629
4510002234378027630
7324702908139525565
12506430835258894494
10538493365009625120
11871152442999239512
8875432105458829896
5554617907647223777
2861928561580872929
14116852646396684524
1439238107871183578
17080901801983246111
13501023080019181949
10741332146740968568
4244189963258855304
2836651497399726900
10892664426749788383
3519593543860038895
12003195910676620517
17047465108361763784
9838294732015078299
4588865795980326789
13251283080044264929
11007555706368387456
11256211964180846980
6488800239801709009
5236565842633774089
3789020319142193577
2985202923069126128
8288025053153067632
10144099126102380694
748920982355128320
17096478868095816750
2494867180911579628
8598759710486567277
6417588009231879781
4003563595823642380
16260934512620559254
11002875231490787196
16802256772768093044
2236509279783753517
4901216250220197632
7320323141262958692
18148863839347737297
18402473396378864711
17802296687386093932
16480448276247899364
3252568826681374293
10637814808149150703
1660638034846062821
13258179790735268923
11522392321006415358
16172694533677672381
9225161938027956134
17607360876703340557
13194229874726164394
6040358055613233596
2692475468883189857
17832258396678649560
10832794052056940970
11840424081934592358
4289168815178254220
7879934552669845543
8899587838434850965
14196348044437365164
13141108300607644182
8927376624299334252
6573555611077794864
14797896706135374567
15472528075212027185
484707350245102733
6290050780551792602
4415774876441663180
11992253282572202501
1808456976065171385
12825108915105163309
13596254938571797456
17733535494576923404
11020408633279042614
10008986500761750565
1160515548747503352
15836487288037758060
11518686797535242915
88358694257928575
4654177738368607394
16929775305144411065
14043833646500745750
6847578125058315825
9897216189790722787
18336236054356870143
14645916979243754103
18096063028703544016
11162916516370250832
1253767276372715489
7620868857978205799
88344932562759716
8877284743127788838
6429628734108512973
17331909165122355362
6642747617019206939
5031361007702757687
10817725409565864434
12064360211851700826
9363512527484844449
1438511407665695688
7651611399818804076
17127385656787800351
1356700241992853252
5992044053246709282
18378963435003558553
5003933070980410278
924135419742502097
5285824429262431763
4003354331520136007
16557792977902295839
14170202460485674863
4540997093204853572
3467405446877338483
12035808405872755142
14380612016723829689
14731739786246097553
4866777134670770151
6395255988678999862
7500456316979744317
14046936737857547095
5430748193397245271
18376765408898044080
9239069400671501384
10865885242445162048
7067588131035440898
10737827990792756364
4507721666791257
3950990188228962006
6915822896788276056
4195709321422141252
16205654771696768101
13653472709505213130
7290044421798782121
12893044322282145458
3191693649995437146
10543729192106874490
6531593170133232000
14237859149706534514
2941447291706519617
16818399982677221330
11822198139347425674
7224198850269719546
5206173347431949027
6714467179166522643
16143780952613575285
526876259998463615
18317940027024387071
1484411136983215069
2294522667880581842
12293586618025666086
12586818101698617037
14554059112494257909
5024503833675895258
15118993471160295329
12522973115564925765
526238584215605119
5169021170403489681
10532000164068808879
8247988646968040282
17572129409793962179
1856402334209326313
10035974633767590141
16792691052560542461
14957600518702785603
18444473397368158226
2498787302771920491
5557415852741586720
17763877791261577284
15460115001836594911
13569347500188388809
6039762198099656653
4573409151997779779
3963964483029320883
6154393807489291777
8410832496945104077
1025779481089560239
1967799402140005874
11537925441538369917
7805559239225180556
6979678000769558536
4594741705685956328
5001126465320609761
12522418264378003998
4407178052255901891
6794146068596745901
16247645562772721225
11888544552983043930
3428415449792304171
3464604327007816633
16442532493244902433
7629231344234992974
12097464432963236349
16107794077695409524
12118118945616752003
10465445186842850199
14757064300846449191
588345485946866892
1238312232782762812
5348268118941229121
14001580090203170566
7543858082937904517
1629375465182587121
5263876955067039438
8373818171233967691
16726227031025933032
13294833510302895330
7166978982337428039
11599329547001950934
4690612785289978643
16243895602592360898
15187810339127819672
2179759345259919925
5656023122280050254
16737771463437329723
11769837122334793234
3824585495919918632
16191464346388652727
10478596281047094138
12901191527600705179
6811121846153360481
8198960786230251136
15763510364839183950
12964223394190496969
1689422061769034052
13370481168469513662
2313238146374286653
17112395756017991437
10860136666915186146
4112241142214111270
8957017526431195672
13166495608224616293
10240979019021448521
8002271384379062003
2682521376508157101
14050943974589840946
15384620799544730684
4345728542868177499
17033753649040427222
12149335417467395809
11337167171456105406
6508596502787980479
8384790849195563326
495781778279599531
18017484399149781089
12331321268115782384
14252987099903264421
6862643218923851155
13921686548021807895
1118809599049229194
7428247923150949454
3708552473413018290
196995683037859220
6846376100761212050
14354697020505670262
1687453011806473586
9643820362293640336
545408150377007901
805922628386934026
8079718419047025813
7629549186272137028
13471377401738886722
1734846816966306394
10352603272532403841
8106709788383141754
3762066122730566588
9376940603954566961
9781967176846316386
2599490929551132522
870464528831855732
16733885499161803896
569406402363754617
13806935091060951023
9762958842797135229
17368163246426966678
11835122359106350780
17614286941993059604
18326749010772194660
8549875604498196679
5015245960901667760
672144437704838442
5006818462732420578
1960310807738231500
2787419083186549797
13300607853514706225
10090477491352882220
18066590787662470736
14315305113470764034
14591655307492693455
9344676526505211295
3419110374106311953
17057426227080399653
14023989532980967119
17972494788908421336
11251698436551087250
17145431844333061693
9409334638104434335
10774186315577554055
8773154337339467722
2169779790279581067
13778415383110040816
906426815377810261
12605684154258772970
15474416706340647328
11552785291057069192
691419318506735497
1613154492522473510
12691265081394884427
8058519004309037153
3348600336658813220
16876080289528722707
16372669015908537431
12026829485643939911
10831406791287531799
5281312189138752241
14560774596341358662
8224164542819090978
6263037456263316595
11054342657192852060
10098438507489860836
4811911255351444265
1264284997465526013
18109519589643395858
10329742002584886774
10886171758979811435
5807474064132774786
17315633497920294957
16558595641553550904
677563714919039156
787784651738684858
71291324718002960
2542809333932419231
6732598290510003523
3915581696130021358
11313000427789103063
1845113799484996775
6210483408604446346
9753025934222603163
12521686995436942073
13370797620194534820
8962601535430328276
15520164916465954553
11764190309156579792
4080561672985065191
12605525806106560471
3659141897649102247
18183742583576907622
13918337237794733036
5878940196675274443
12280212565857659946
10077290269771812539
7350861963494014232
15290316974973290714
7646505302386301485
7458984051220169419
4157861200078057142
8196103038846669043
14553933507284559483
7980503721903495442
5987464951741260873
2308635679506079265
8989763281147634675
2621414634545398473
7999174579134238509
18244055794994698937
13787655830207013077
16254580850104988985
11074237375939714297
9174699023852429267
3913227104881418683
18082151439497440868
11873360352682508846
1873488517045014826
9416624985123019357
4708730775802134999
14052296433493152864
9550438982635436883
15082575232076499140
6074771407275853299
4814935732203165918
3946791712317743
3282874571169893747
12563440982893435235
7504563711121869066
13246119718744955017
18165699679216570792
5377763857607253822
11517597955193542306
1885702832534070103
1765215497616512324
15987507812685530744
13779152156405679557
5988066689086665471
3903127239468480615
11052372894569641176
17501875518394716540
14010574197805952979
3522384623127376122
15241522205072245496
16409619332779758435
9663676992614095487
11142538914539624417
10807650962810925069
8846547113088818276
16862197850002799271
4862284597537791573
17306579213512532442
3318323929202048557
14027386633618912158
8073359818517830366
12986981942609022828
16156266246003712067
10343144693145371241
14013600749327388780
13662418944472029888
3248545989654792572
14718407873748262390
10708075536786866986
18294876706256102542
13850838690204196525
8715444929810391069
4071385424849124382
1163423047599850392
10717627322186724263
13538370852173926011
3543518496636430619
5734855500690901788
1334657558894231337
14484407747041278230
4467002072571695898
2788365334833600849
2169174504921600350
448652326754921861
8609841958476174545
12318780988827905782
16381124040746558640
4309991666622064443
7079538892201375665
11555385387451836971
1347975541536392130
7272967685789468160
146644716178710752
13424372386442909953
6967929394120584248
12302121173462468813
16975973241397774424
527948112022344037
5825104887344587630
17085587611391131445
7213714614801566729
12658956773548460688
10318069930315724960
6235272438807302076
15525726243478392105
4097999094453981694
6457665846301929599
5462981809385978799
16705199524048977250
15563191909647802280
7369163294731570037
11429506347441448437
13101282637817274088
3738070955946923433
16417373418148859612
530574781242951182
5537646469909908479
13450220379873122870
12434182951906023976
2059566552231424807
10982197233861503289